torso_width = 111.490833/1000;
pelvis_width = 135.213424/1000;
pelvis_depth = 207.340833/1000;
upper_length = 467.447184/1000;
lower_length = 567.470264/1000;